function customColorPallet = loadCustomColorPallets

customColorPallet.default=[0,0,0.562500000000000;0,0,0.594444453716278;0,0,0.626388907432556;0,0,0.658333301544190;0,0,0.690277755260468;0,0,0.722222208976746;0,0,0.754166662693024;0,0,0.786111116409302;0,0,0.818055570125580;0,0,0.850000023841858;0,0,0.881944477558136;0,0,0.913888871669769;0,0,0.945833325386047;0,0,0.977777779102325;0.000610021757893264,0.0168191734701395,0.981089353561401;0.00261437916196883,0.0720821693539619,0.918954253196716;0.00461873644962907,0.127345174551010,0.856819152832031;0.00662309350445867,0.182608172297478,0.794684112071991;0.00862745102494955,0.237871155142784,0.732549011707306;0.0106318080797791,0.293134152889252,0.670413970947266;0.0126361651346087,0.348397165536881,0.608278870582581;0.0146405231207609,0.403660118579865,0.546143770217896;0.0166448801755905,0.458923131227493,0.484008729457855;0.0186492372304201,0.514186143875122,0.421873629093170;0.0206535942852497,0.569449126720429,0.359738558530808;0.0226579513400793,0.624712109565735,0.297603487968445;0.0246623083949089,0.679975152015686,0.235468417406082;0.0266666673123837,0.735238134860992,0.173333346843719;0.0479256957769394,0.761981427669525,0.145882353186607;0.0815627276897430,0.770390689373016,0.140728294849396;0.115199767053127,0.778799951076508,0.135574236512184;0.148836791515350,0.787209212779999,0.130420178174973;0.182473823428154,0.795618474483490,0.125266119837761;0.216110870242119,0.804027736186981,0.120112054049969;0.232198148965836,0.808049559593201,0.117647066712379;0.304565668106079,0.826141417026520,0.106558486819267;0.376933217048645,0.844233334064484,0.0954699143767357;0.449300736188889,0.862325191497803,0.0843813419342041;0.521668255329132,0.880417048931122,0.0732927694916725;0.594035804271698,0.898508906364441,0.0622041970491409;0.666403353214264,0.916600823402405,0.0511156208813190;0.738770902156830,0.934692680835724,0.0400270484387875;0.811138391494751,0.952784597873688,0.0289384741336107;0.883505880832672,0.970876455307007,0.0178498998284340;0.955873429775238,0.988968372344971,0.00676132552325726;1,0.976011991500855,0;1,0.914542734622955,0;1,0.853073418140411,0;1,0.791604161262512,0;1,0.730134963989258,0;1,0.668665707111359,0;1,0.607196390628815,0;1,0.545727133750916,0;1,0.484257876873016,0;1,0.422788590192795,0;1,0.361319333314896,0;1,0.299850076436996,0;1,0.238380804657936,0;1,0.176911547780037,0;1,0.115442276000977,0;1,0.0539730153977871,0;0.971264362335205,0,0;0.909161567687988,0.0803921595215797,0;0.847058832645416,0.160784319043159,0;];
customColorPallet.blanding=interp1([1 128 129 256],[0 1 1; .248 .2559 .2559; .2559 .248 .248; 1 0 0],1:256);
customColorPallet.molaspass=interp1([1 51 102 153 204 256],[0 0 0; 0 0 .75; .5 0 .8; 1 .1 0; 1 .9 0; 1 1 1],1:256);
customColorPallet.cruzbay=interp1([1 51 102 153 204 256],[0 0 0; 0 0 .75; 0 .6 .8; 0 .95 0; .85 1 0; 1 1 1],1:256);
customColorPallet.kayenta=interp1([1 128 129 256],[0 1 1; .2303 .3091 .3091; .3082 .2306 .2306; 1 0 0],1:256);
customColorPallet.moab=interp1([1 96 97 128 129 160 161 256],[0 1 1; .1673 .4980 .4980; .2047 .3858 .3858;
.248 .2559 .2559; .2559 .248 .248; .3663 .2112 .2112; .4884 .1705 .1705;1 0 0],1:256);
customColorPallet.mokidugway=interp1([1 128 129 256],[0 1 1; .9921 1 1; 1 .9921 .9921; 1 0 0],1:256);
customColorPallet.nyidalur=interp1([1 128 129 256],[1 0 1; .2559 .248 .2559; .248 .2559 .248; 0 1 0],1:256);
customColorPallet.myvatn=interp1([1 128 129 256],[1 0 1; .3091 .2303 .3091; .2306 .3082 .2306; 0 1 0],1:256);
customColorPallet.godafoss=interp1([1 96 97 128 129 160 161 256],[1 0 1; .498 .167 .498; .386 .2047 .386;
.256 .248 .256; .248 .256 .248; .211 .367 .211; .171 .489 .171 ; 0 1 0],1:256);
customColorPallet.skalafell=interp1([1 128 129 256],[1 0 1; 1 .9921 1; .9921 1 .9921; 0 1 0],1:256);
customColorPallet.nanticoke=interp1([1 52 103 164 225 256],[0 1 1; 0 .2 1; 0 0 0; 1 .1 0; 1 .9 0; 1 1 1],1:256);
customColorPallet.egoalley=interp1([1 52 103 104 164 225 256],[0 1 1; 0 .2 1;
0 .0392 .1961; .1639 .0164 0 ; 1 .1 0; 1 .9 0; 1 1 1],1:256);
customColorPallet.reedville=interp1([1 52 84 85 102 103 120 121 164 225 256],[0 1 1; 0 .2 1; 0 .0941 .4706;
0 .0549 .2745; 0 0 .05; .05 0 0; .2131 .0213 0; .3770 .0377 0; 1 .1 0; 1 .9 0; 1 1 1],1:256);
customColorPallet.kotor=interp1([1 84 128 129 173 256],[0 0 1; 0 1 1;
.248 .2559 .2559; .248 .248 .2559; 1 1 0; 1 0 0],1:256);
customColorPallet.dubrovnik=interp1([1 84 128 129 173 256],[0 0 1; 0 1 1;
.197 .408 .408; .402 .402 .204; 1 1 0; 1 0 0],1:256);

